0 0.2609375 0.728125 0.0203125 0.0859375
0 0.384375 0.67109375 0.01796875 0.0609375
0 0.5796875 0.66640625 0.01171875 0.04453125
0 0.4890625 0.721875 0.015625 0.0640625
0 0.69921875 0.67578125 0.0140625 0.03828125
0 0.78984375 0.7046875 0.0140625 0.0671875
0 0.9171875 0.67109375 0.01171875 0.0546875
0 0.4828125 0.67890625 0.01171875 0.0609375
0 0.271875 0.67109375 0.021875 0.02265625
0 0.3453125 0.66796875 0.01796875 0.0703125
0 0.16015625 0.7015625 0.02578125 0.0703125
0 0.36015625 0.67734375 0.01796875 0.0546875
0 0.43828125 0.66953125 0.015625 0.04140625
0 0.2421875 0.7140625 0.015625 0.0609375