0 0.51171875 0.22734375 0.0984375 0.1546875
0 0.1015625 0.68984375 0.2 0.59140625
0 0.190625 0.65859375 0.1703125 0.60546875
0 0.88046875 0.65625 0.2390625 0.6875
0 0.771875 0.62109375 0.125 0.3734375
0 0.665625 0.45546875 0.0953125 0.265625
0 0.33203125 0.4375 0.0765625 0.24609375
0 0.37890625 0.29609375 0.06875 0.22265625
0 0.65625 0.30859375 0.125 0.31953125
0 0.6078125 0.2890625 0.0578125 0.215625
0 0.3953125 0.3953125 0.0796875 0.2203125
0 0.39609375 0.17578125 0.0859375 0.20390625
0 0.2921875 0.4765625 0.146875 0.471875
0 0.6375 0.34296875 0.45 0.57265625