0 0.41875 0.475 0.62421875 0.78828125
0 0.0890625 0.15234375 0.125 0.15234375
0 0.328125 0.16171875 0.1359375 0.1796875
0 0.44296875 0.178125 0.14140625 0.16796875
0 0.09609375 0.29296875 0.1890625 0.25625
0 0.65703125 0.17890625 0.13828125 0.165625
0 0.7890625 0.184375 0.13046875 0.15234375
0 0.92265625 0.171875 0.14375 0.178125
0 0.51484375 0.08203125 0.14375 0.1359375
0 0.76015625 0.1109375 0.109375 0.17421875
0 0.29453125 0.0671875 0.128125 0.134375
0 0.83984375 0.353125 0.215625 0.2859375
0 0.54375 0.16796875 0.109375 0.134375
0 0.5 0.24921875 0.99453125 0.49765625