0 0.93203125 0.54921875 0.13125 0.8671875
0 0.50234375 0.48671875 0.0203125 0.19296875
0 0.6859375 0.45625 0.021875 0.159375
0 0.8609375 0.5078125 0.034375 0.29140625
0 0.82109375 0.4734375 0.03125 0.23125
0 0.7390625 0.45234375 0.021875 0.1625
0 0.325 0.47734375 0.015625 0.0984375
0 0.34140625 0.46953125 0.015625 0.090625
0 0.78046875 0.4625 0.0203125 0.178125
0 0.8046875 0.471875 0.021875 0.2234375
0 0.759375 0.46015625 0.0265625 0.18203125
0 0.903125 0.4109375 0.034375 0.12109375
0 0.8421875 0.475 0.0203125 0.25390625
0 0.534375 0.51328125 0.75625 0.36015625