0 0.45546875 0.79375 0.121875 0.38828125
0 0.5515625 0.75078125 0.0484375 0.1671875
0 0.690625 0.615625 0.0203125 0.153125
0 0.19296875 0.55546875 0.0046875 0.028125
0 0.83828125 0.56015625 0.0140625 0.0890625
0 0.87890625 0.75234375 0.0515625 0.29921875
0 0.37109375 0.63203125 0.021875 0.1390625
0 0.33125 0.66875 0.040625 0.23828125
0 0.60546875 0.7921875 0.0578125 0.178125
0 0.98359375 0.68125 0.0328125 0.10703125
0 0.8125 0.63515625 0.01875 0.14609375
0 0.9953125 0.8734375 0.009375 0.25234375
0 0.553125 0.61953125 0.021875 0.1
0 0.52421875 0.5921875 0.7828125 0.23828125