0 0.0390625 0.4859375 0.078125 0.490625
0 0.12890625 0.31796875 0.1984375 0.51171875
0 0.2234375 0.30546875 0.0640625 0.35703125
0 0.2875 0.30390625 0.0515625 0.19921875
0 0.35078125 0.31015625 0.084375 0.159375
0 0.4375 0.2875 0.0703125 0.196875
0 0.50390625 0.3078125 0.0546875 0.16640625
0 0.70859375 0.31484375 0.0859375 0.28203125
0 0.76875 0.3296875 0.0703125 0.3265625
0 0.85625 0.39765625 0.0796875 0.43203125
0 0.9375 0.4515625 0.11875 0.3875
0 0.921875 0.25859375 0.053125 0.14765625
0 0.88515625 0.19609375 0.08125 0.121875
0 0.52890625 0.353125 0.7640625 0.44375