0 0.52890625 0.67890625 0.0453125 0.24609375
0 0.13203125 0.6578125 0.040625 0.2484375
0 0.16015625 0.671875 0.0421875 0.24140625
0 0.23125 0.6828125 0.0484375 0.28125
0 0.3171875 0.6734375 0.0578125 0.2484375
0 0.36171875 0.66953125 0.0328125 0.2390625
0 0.39765625 0.6671875 0.046875 0.25546875
0 0.7875 0.56875 0.046875 0.05859375
0 0.48828125 0.6765625 0.05625 0.253125
0 0.503125 0.56796875 0.021875 0.075
0 0.4390625 0.67109375 0.0390625 0.24375
0 0.5671875 0.6640625 0.040625 0.26015625
0 0.384375 0.55390625 0.0296875 0.0703125
0 0.4453125 0.57109375 0.21875 0.0890625