0 0.9171875 0.48984375 0.1109375 0.521875
0 0.790625 0.51875 0.11875 0.459375
0 0.778125 0.5734375 0.0703125 0.33046875
0 0.67578125 0.60625 0.0734375 0.28359375
0 0.58359375 0.63125 0.128125 0.39140625
0 0.57734375 0.3734375 0.1140625 0.28125
0 0.3484375 0.6109375 0.1671875 0.35859375
0 0.42734375 0.5640625 0.075 0.3140625
0 0.50078125 0.596875 0.0828125 0.36796875
0 0.53671875 0.4859375 0.0515625 0.12890625
0 0.12421875 0.53359375 0.0515625 0.196875
0 0.08515625 0.603125 0.128125 0.38203125
0 0.4453125 0.3796875 0.0890625 0.2484375
0 0.49921875 0.46015625 0.9984375 0.5171875