0 0.70078125 0.65546875 0.065625 0.46796875
0 0.5140625 0.53515625 0.0234375 0.08203125
0 0.2015625 0.57890625 0.028125 0.1109375
0 0.09765625 0.58828125 0.0265625 0.14375
0 0.753125 0.68828125 0.0796875 0.49140625
0 0.4765625 0.83203125 0.2140625 0.315625
0 0.078125 0.60234375 0.0265625 0.15546875
0 0.24609375 0.56796875 0.015625 0.1015625
0 0.4625 0.534375 0.0140625 0.05390625
0 0.93359375 0.446875 0.0671875 0.08671875
0 0.77109375 0.684375 0.1203125 0.49609375
0 0.165625 0.60859375 0.0484375 0.09609375
0 0.0609375 0.6046875 0.03125 0.1765625
0 0.5015625 0.690625 0.99375 0.6140625