0 0.80703125 0.625 0.3359375 0.7296875
0 0.76171875 0.390625 0.03984375 0.14296875
0 0.6890625 0.36640625 0.03203125 0.11875
0 0.675 0.403125 0.04609375 0.1796875
0 0.96484375 0.40546875 0.0421875 0.18828125
0 0.38515625 0.40546875 0.03828125 0.1609375
0 0.3328125 0.3984375 0.0296875 0.14296875
0 0.61484375 0.3921875 0.04765625 0.18515625
0 0.1203125 0.41640625 0.03828125 0.19765625
0 0.240625 0.434375 0.05625 0.14609375
0 0.0390625 0.41171875 0.034375 0.20390625
0 0.071875 0.42109375 0.03203125 0.1796875
0 0.74765625 0.2890625 0.0140625 0.0484375