0 0.1453125 0.75546875 0.184375 0.39765625
0 0.28515625 0.48984375 0.115625 0.19765625
0 0.3609375 0.503125 0.065625 0.16484375
0 0.4203125 0.47890625 0.0828125 0.24609375
0 0.084375 0.34921875 0.0625 0.12265625
0 0.16953125 0.325 0.0578125 0.07734375
0 0.4546875 0.31171875 0.0484375 0.10390625
0 0.796875 0.35546875 0.046875 0.10859375
0 0.6984375 0.33515625 0.04375 0.07109375
0 0.059375 0.14609375 0.0296875 0.05625
0 0.7109375 0.296875 0.0421875 0.07734375
0 0.62890625 0.25703125 0.04375 0.07890625
0 0.496875 0.23359375 0.0515625 0.08515625
0 0.54765625 0.33984375 0.7453125 0.17109375