0 0.39921875 0.47109375 0.271875 0.51640625
0 0.08046875 0.57109375 0.1609375 0.36015625
0 0.5953125 0.425 0.0578125 0.2734375
0 0.65546875 0.4203125 0.0625 0.2734375
0 0.7328125 0.4828125 0.08125 0.14921875
0 0.77734375 0.46640625 0.0640625 0.1796875
0 0.79921875 0.4359375 0.03125 0.1515625
0 0.04921875 0.16015625 0.0515625 0.07265625
0 0.96796875 0.41796875 0.0640625 0.25703125
0 0.46953125 0.17421875 0.0421875 0.06328125
0 0.3328125 0.1671875 0.0375 0.0609375
0 0.2859375 0.4859375 0.075 0.1703125
0 0.865625 0.4640625 0.078125 0.18671875
0 0.471875 0.30234375 0.94375 0.56796875