0 0.509375 0.4484375 0.153125 0.25625
0 0.74921875 0.628125 0.284375 0.7203125
0 0.23515625 0.25 0.0875 0.3640625
0 0.0703125 0.7796875 0.140625 0.41796875
0 0.653125 0.36171875 0.0703125 0.18046875
0 0.4484375 0.17578125 0.0515625 0.12890625
0 0.5578125 0.30078125 0.0859375 0.42734375
0 0.3203125 0.24765625 0.065625 0.265625
0 0.38828125 0.24140625 0.071875 0.2484375
0 0.70390625 0.27109375 0.0328125 0.05859375
0 0.55390625 0.753125 0.3515625 0.49375
0 0.8359375 0.38125 0.1234375 0.24375
0 0.0640625 0.30859375 0.125 0.33828125
0 0.5 0.29921875 0.996875 0.55625