0 0.11953125 0.73359375 0.009375 0.0515625
0 0.08671875 0.7140625 0.0109375 0.0515625
0 0.10390625 0.71484375 0.009375 0.05625
0 0.0734375 0.69609375 0.0125 0.0515625
0 0.0328125 0.69609375 0.0109375 0.05625
0 0.26953125 0.5984375 0.00625 0.028125
0 0.01484375 0.690625 0.0109375 0.05625
0 0.115625 0.70703125 0.0140625 0.0234375
0 0.428125 0.63046875 0.00625 0.02578125
0 0.41953125 0.6203125 0.00625 0.01640625
0 0.46015625 0.63515625 0.0046875 0.02109375
0 0.475 0.634375 0.0078125 0.0234375
0 0.090625 0.68125 0.0109375 0.0140625
0 0.53125 0.61484375 0.70625 0.0703125