0 0.51484375 0.66953125 0.2140625 0.61015625
0 0.0546875 0.67578125 0.1078125 0.64765625
0 0.63203125 0.6875 0.259375 0.625
0 0.78046875 0.65 0.184375 0.64609375
0 0.3328125 0.54140625 0.0515625 0.0875
0 0.8890625 0.37890625 0.04375 0.08359375
0 0.9390625 0.33046875 0.0234375 0.05859375
0 0.446875 0.49140625 0.0390625 0.08359375
0 0.92578125 0.64765625 0.146875 0.66640625
0 0.57421875 0.29453125 0.04375 0.0625
0 0.4390625 0.44375 0.0453125 0.06484375
0 0.921875 0.38046875 0.0359375 0.08515625
0 0.3625 0.45078125 0.0328125 0.09609375
0 0.5 0.29609375 0.996875 0.56640625