0 0.41328125 0.66796875 0.4921875 0.66328125
0 0.35703125 0.62734375 0.090625 0.51328125
0 0.1375 0.6046875 0.0984375 0.284375
0 0.04296875 0.62109375 0.040625 0.13671875
0 0.76875 0.65390625 0.121875 0.41171875
0 0.85859375 0.625 0.040625 0.17421875
0 0.91875 0.63203125 0.0375 0.16484375
0 0.65234375 0.60703125 0.028125 0.10859375
0 0.675 0.62265625 0.0375 0.1109375
0 0.64921875 0.69140625 0.0515625 0.125
0 0.23046875 0.5890625 0.0203125 0.08671875
0 0.80703125 0.628125 0.0375 0.16484375
0 0.971875 0.64453125 0.03125 0.1578125
0 0.4828125 0.64140625 0.965625 0.2375