0 0.75390625 0.79609375 0.015625 0.02578125
0 0.86796875 0.40625 0.2125 0.30234375
0 0.71171875 0.42421875 0.103125 0.27421875
0 0.50234375 0.4578125 0.06875 0.140625
0 0.43203125 0.4953125 0.0671875 0.10546875
0 0.78203125 0.79296875 0.0125 0.028125
0 0.8390625 0.79296875 0.0109375 0.01640625
0 0.71015625 0.79765625 0.01875 0.028125
0 0.5453125 0.82109375 0.0109375 0.01640625
0 0.6875 0.8046875 0.0109375 0.01875
0 0.65703125 0.81015625 0.0140625 0.01875
0 0.64921875 0.809375 0.0078125 0.01875
0 0.5203125 0.81875 0.0125 0.02578125
0 0.6671875 0.803125 0.35 0.065625