0 0.58046875 0.50625 0.025 0.034375
0 0.81796875 0.5375 0.10625 0.125
0 0.47265625 0.515625 0.04609375 0.059375
0 0.32890625 0.60625 0.32890625 0.6625
0 0.14765625 0.5265625 0.0625 0.0859375
0 0.534375 0.54609375 0.07734375 0.1046875
0 0.06015625 0.53125 0.1203125 0.1375
0 0.075 0.46484375 0.0125 0.009375
0 0.63671875 0.55546875 0.0625 0.084375
0 0.86015625 0.521875 0.0375 0.04375
0 0.9375 0.5109375 0.03515625 0.065625
0 0.73671875 0.5296875 0.09609375 0.1328125
0 0.78671875 0.4984375 0.04765625 0.053125
0 0.5 0.578125 0.99609375 0.3125