0 0.7796875 0.659375 0.1046875 0.33515625
0 0.7359375 0.46953125 0.109375 0.3515625
0 0.69453125 0.63125 0.0765625 0.40546875
0 0.92578125 0.58203125 0.0203125 0.0890625
0 0.46484375 0.44140625 0.084375 0.3328125
0 0.4125 0.62890625 0.0703125 0.3984375
0 0.10234375 0.67890625 0.05625 0.3234375
0 0.56875 0.66171875 0.0859375 0.34921875
0 0.9828125 0.659375 0.034375 0.16171875
0 0.478125 0.659375 0.0734375 0.34921875
0 0.4421875 0.36171875 0.040625 0.14296875
0 0.00703125 0.61796875 0.0140625 0.103125
0 0.284375 0.671875 0.0921875 0.328125
0 0.5203125 0.565625 0.80625 0.6109375