0 0.6796875 0.62734375 0.04375 0.19453125
0 0.809375 0.65546875 0.07421875 0.1015625
0 0.8421875 0.63203125 0.0859375 0.12890625
0 0.43203125 0.69140625 0.01796875 0.04453125
0 0.51875 0.6875 0.00625 0.01484375
0 0.9546875 0.671875 0.0296875 0.078125
0 0.97421875 0.66171875 0.021875 0.0296875
0 0.5671875 0.66640625 0.021875 0.06015625
0 0.628125 0.65 0.0140625 0.04453125
0 0.0546875 0.73515625 0.01171875 0.0359375
0 0.225 0.6046875 0.01171875 0.0359375
0 0.63515625 0.6703125 0.01171875 0.0421875
0 0.3453125 0.709375 0.165625 0.065625