0 0.253125 0.83125 0.0609375 0.15390625
0 0.90625 0.825 0.0546875 0.22734375
0 0.87265625 0.79765625 0.0171875 0.07109375
0 0.6 0.85546875 0.0296875 0.06640625
0 0.68984375 0.803125 0.0453125 0.14140625
0 0.41640625 0.81015625 0.0078125 0.0375
0 0.53984375 0.790625 0.009375 0.03984375
0 0.371875 0.84296875 0.053125 0.09375
0 0.17890625 0.875 0.0296875 0.07265625
0 0.75 0.89375 0.0515625 0.16484375
0 0.64921875 0.84609375 0.0421875 0.09375
0 0.95703125 0.84296875 0.04375 0.19765625
0 0.19765625 0.825 0.0109375 0.03984375
0 0.39609375 0.84609375 0.7703125 0.15