0 0.41640625 0.66015625 0.2359375 0.6796875
0 0.69296875 0.6140625 0.421875 0.7484375
0 0.56640625 0.51640625 0.115625 0.29375
0 0.1625 0.71171875 0.325 0.54609375
0 0.0921875 0.65625 0.184375 0.66328125
0 0.31328125 0.4671875 0.084375 0.19765625
0 0.20390625 0.4109375 0.0484375 0.09140625
0 0.17421875 0.44609375 0.04375 0.10859375
0 0.26875 0.4109375 0.0609375 0.08671875
0 0.0265625 0.50390625 0.053125 0.18359375
0 0.2578125 0.36796875 0.0125 0.0234375
0 0.23203125 0.40234375 0.0328125 0.07265625
0 0.14453125 0.42578125 0.0359375 0.10625
0 0.23828125 0.4390625 0.4765625 0.2703125