0 0.78359375 0.68671875 0.075 0.22890625
0 0.46484375 0.590625 0.0671875 0.1375
0 0.59375 0.45625 0.021875 0.02265625
0 0.32421875 0.58984375 0.0390625 0.14140625
0 0.36171875 0.61328125 0.046875 0.09140625
0 0.32890625 0.521875 0.03125 0.0375
0 0.675 0.56484375 0.0375 0.05859375
0 0.62421875 0.50390625 0.025 0.04375
0 0.428125 0.46875 0.025 0.03359375
0 0.71015625 0.45 0.021875 0.01640625
0 0.56484375 0.38671875 0.0234375 0.03359375
0 0.49765625 0.46015625 0.01875 0.02109375
0 0.72890625 0.56015625 0.0296875 0.0625
0 0.49921875 0.33828125 0.9984375 0.54375