0 0.4828125 0.33359375 0.0734375 0.20625
0 0.4328125 0.39921875 0.0578125 0.28125
0 0.39765625 0.4953125 0.2640625 0.9859375
0 0.21171875 0.3171875 0.1640625 0.34921875
0 0.11953125 0.43203125 0.23125 0.61796875
0 0.14296875 0.25078125 0.071875 0.30234375
0 0.61171875 0.29375 0.0578125 0.22265625
0 0.8484375 0.459375 0.06875 0.55234375
0 0.790625 0.43671875 0.06875 0.4078125
0 0.58515625 0.5734375 0.1421875 0.7703125
0 0.7390625 0.4265625 0.121875 0.5359375
0 0.428125 0.24375 0.059375 0.140625
0 0.49765625 0.234375 0.0328125 0.05859375
0 0.65859375 0.31953125 0.3765625 0.34921875