0 0.58671875 0.68515625 0.0109375 0.0421875
0 0.59765625 0.67734375 0.00625 0.034375
0 0.60390625 0.6796875 0.0078125 0.03984375
0 0.725 0.67890625 0.0046875 0.02734375
0 0.59296875 0.68203125 0.00625 0.0375
0 0.6734375 0.68515625 0.0109375 0.0171875
0 0.71875 0.67890625 0.0046875 0.025
0 0.7859375 0.68515625 0.009375 0.01484375
0 0.77578125 0.6859375 0.0078125 0.0171875
0 0.65859375 0.67890625 0.0078125 0.02734375
0 0.740625 0.6765625 0.00625 0.01015625
0 0.61328125 0.68125 0.00625 0.0171875
0 0.6515625 0.67890625 0.0078125 0.02734375
0 0.8234375 0.6984375 0.203125 0.071875