0 0.28828125 0.625 0.046875 0.09375
0 0.8796875 0.64765625 0.0328125 0.11015625
0 0.86171875 0.69140625 0.034375 0.07265625
0 0.74375 0.62109375 0.025 0.07265625
0 0.4546875 0.47421875 0.034375 0.04609375
0 0.77734375 0.409375 0.03125 0.07734375
0 0.109375 0.44765625 0.03125 0.0625
0 0.18515625 0.271875 0.028125 0.06015625
0 0.71796875 0.62578125 0.025 0.04140625
0 0.8 0.65546875 0.0234375 0.05234375
0 0.771875 0.18828125 0.01875 0.05
0 0.93671875 0.43671875 0.0375 0.07890625
0 0.8296875 0.646875 0.034375 0.0875
0 0.5078125 0.40703125 0.9375 0.71875