0 0.69921875 0.95546875 0.05 0.0890625
0 0.89765625 0.77265625 0.02890625 0.0375
0 0.55546875 0.8234375 0.05859375 0.046875
0 0.39375 0.865625 0.06015625 0.1
0 0.046875 0.89921875 0.06484375 0.1109375
0 0.72265625 0.9515625 0.05390625 0.096875
0 0.36953125 0.87109375 0.09375 0.0953125
0 0.23984375 0.903125 0.09609375 0.1078125
0 0.028125 0.77265625 0.03984375 0.0296875
0 0.15859375 0.7640625 0.03984375 0.034375
0 0.10625 0.77109375 0.02734375 0.03125
0 0.57734375 0.76171875 0.01875 0.03125
0 0.07734375 0.77109375 0.02890625 0.0359375
0 0.271875 0.746875 0.45625 0.08125