0 0.84296875 0.55625 0.0890625 0.2671875
0 0.85859375 0.40546875 0.0421875 0.0890625
0 0.72265625 0.38984375 0.0171875 0.075
0 0.75 0.3640625 0.025 0.03515625
0 0.634375 0.3265625 0.0140625 0.02578125
0 0.2453125 0.34765625 0.009375 0.02109375
0 0.35703125 0.378125 0.0140625 0.05625
0 0.96171875 0.31875 0.021875 0.05859375
0 0.74140625 0.25546875 0.0171875 0.03046875
0 0.7640625 0.23984375 0.01875 0.0375
0 0.46328125 0.1625 0.0078125 0.02578125
0 0.44296875 0.16484375 0.009375 0.03046875
0 0.265625 0.1625 0.0078125 0.028125
0 0.5 0.21875 0.996875 0.4375