0 0.59921875 0.546875 0.171875 0.4265625
0 0.534375 0.765625 0.2640625 0.44453125
0 0.70078125 0.378125 0.0578125 0.31796875
0 0.15703125 0.78828125 0.3 0.4234375
0 0.84921875 0.78046875 0.1859375 0.4328125
0 0.459375 0.63203125 0.11171875 0.40859375
0 0.959375 0.08125 0.05625 0.10546875
0 0.25703125 0.275 0.05625 0.2609375
0 0.309375 0.74609375 0.178125 0.48671875
0 0.15 0.48203125 0.07578125 0.1171875
0 0.05234375 0.5859375 0.07421875 0.53125
0 0.11796875 0.21640625 0.05390625 0.071875
0 0.171875 0.39609375 0.1140625 0.28828125
0 0.503125 0.5 0.98984375 0.99375