0 0.76171875 0.55078125 0.4765625 0.8890625
0 0.26484375 0.5 0.5296875 1
0 0.4859375 0.44140625 0.1203125 0.1578125
0 0.65390625 0.44609375 0.115625 0.16484375
0 0.615625 0.4484375 0.0546875 0.10625
0 0.41171875 0.4375 0.03125 0.05390625
0 0.459375 0.42109375 0.028125 0.046875
0 0.38984375 0.4265625 0.040625 0.078125
0 0.55390625 0.45625 0.021875 0.03515625
0 0.103125 0.2125 0.1015625 0.046875
0 0.58203125 0.4578125 0.0265625 0.03515625
0 0.71484375 0.47890625 0.0390625 0.11796875
0 0.5640625 0.4515625 0.0359375 0.06875