0 0.3109375 0.60703125 0.4234375 0.3625
0 0.40703125 0.253125 0.36484375 0.36875
0 0.1703125 0.3 0.11328125 0.4515625
0 0.9078125 0.29375 0.184375 0.321875
0 0.77421875 0.14765625 0.13203125 0.178125
0 0.671875 0.15703125 0.21171875 0.1421875
0 0.13046875 0.6015625 0.25390625 0.796875
0 0.275 0.21484375 0.21171875 0.39375
0 0.60859375 0.84453125 0.64453125 0.3078125
0 0.1 0.22578125 0.153125 0.315625
0 0.971875 0.17890625 0.05625 0.109375
0 0.63046875 0.2640625 0.19765625 0.2265625
0 0.76015625 0.31953125 0.1953125 0.2
0 0.4984375 0.29453125 0.996875 0.5328125