0 0.7765625 0.653125 0.25234375 0.24765625
0 0.3796875 0.47890625 0.12578125 0.22421875
0 0.5453125 0.428125 0.10234375 0.06171875
0 0.60078125 0.40703125 0.01796875 0.04609375
0 0.29609375 0.4 0.05703125 0.05625
0 0.32421875 0.478125 0.1109375 0.14765625
0 0.47265625 0.4328125 0.075 0.1578125
0 0.45078125 0.4078125 0.0359375 0.0859375
0 0.43359375 0.39296875 0.01796875 0.03203125
0 0.02265625 0.57890625 0.0390625 0.41796875
0 0.55390625 0.35703125 0.009375 0.01171875
0 0.509375 0.39609375 0.0359375 0.05