0 0.596875 0.34453125 0.0359375 0.04453125
0 0.3234375 0.33203125 0.0328125 0.065625
0 0.246875 0.29296875 0.028125 0.0703125
0 0.24609375 0.17734375 0.028125 0.0421875
0 0.46015625 0.39375 0.1609375 0.49296875
0 0.246875 0.20703125 0.0203125 0.03984375
0 0.82265625 0.375 0.05625 0.13984375
0 0.63828125 0.3328125 0.028125 0.0609375
0 0.575 0.3375 0.01875 0.0609375
0 0.5453125 0.33046875 0.0421875 0.0703125
0 0.7375 0.3234375 0.0375 0.0796875
0 0.728125 0.28515625 0.0265625 0.05859375
0 0.76484375 0.28125 0.0296875 0.04921875
0 0.5 0.4734375 0.996875 0.94609375