0 0.2046875 0.81328125 0.128125 0.37109375
0 0.35234375 0.809375 0.14375 0.3578125
0 0.47421875 0.78828125 0.13203125 0.334375
0 0.58828125 0.79296875 0.14375 0.31484375
0 0.71875 0.78671875 0.12578125 0.31484375
0 0.83671875 0.8046875 0.12578125 0.328125
0 0.82890625 0.57421875 0.08203125 0.3046875
0 0.7296875 0.63046875 0.13203125 0.3875
0 0.684375 0.54765625 0.078125 0.23828125
0 0.17265625 0.28671875 0.10625 0.3546875
0 0.246875 0.3875 0.09375 0.2453125
0 0.9046875 0.67890625 0.0859375 0.4671875
0 0.61015625 0.57265625 0.08203125 0.3609375
0 0.49921875 0.4953125 0.99765625 0.87109375