0 0.38125 0.41796875 0.1359375 0.315625
0 0.15859375 0.44609375 0.0609375 0.075
0 0.2109375 0.4453125 0.059375 0.075
0 0.4734375 0.4671875 0.040625 0.121875
0 0.98515625 0.44765625 0.0296875 0.14921875
0 0.10234375 0.45546875 0.04375 0.05859375
0 0.06328125 0.478125 0.05 0.10546875
0 0.028125 0.4875 0.034375 0.0984375
0 0.01328125 0.48359375 0.025 0.1078125
0 0.23828125 0.425 0.0171875 0.08671875
0 0.14375 0.44140625 0.0109375 0.03515625
0 0.9609375 0.46875 0.028125 0.0703125
0 0.9578125 0.4171875 0.025 0.0421875