0 0.71015625 0.87109375 0.1734375 0.23125
0 0.4375 0.82109375 0.08125 0.30859375
0 0.71171875 0.68828125 0.028125 0.12265625
0 0.75078125 0.68359375 0.0375 0.13125
0 0.3609375 0.659375 0.0265625 0.08515625
0 0.77265625 0.665625 0.025 0.0875
0 0.73515625 0.65625 0.021875 0.1
0 0.79609375 0.64296875 0.0171875 0.05625
0 0.78671875 0.63046875 0.009375 0.02890625
0 0.70546875 0.64453125 0.0140625 0.05
0 0.771875 0.61875 0.0109375 0.02265625
0 0.71484375 0.625 0.0078125 0.01484375
0 0.6421875 0.60390625 0.00625 0.02734375