0 0.25625 0.625 0.14140625 0.31015625
0 0.4625 0.2546875 0.0828125 0.16015625
0 0.3265625 0.56796875 0.071875 0.18828125
0 0.3828125 0.55234375 0.03984375 0.0859375
0 0.9171875 0.60078125 0.0296875 0.04765625
0 0.43828125 0.2171875 0.04296875 0.065625
0 0.690625 0.2890625 0.1546875 0.134375
0 0.709375 0.2578125 0.03984375 0.06015625
0 0.915625 0.5921875 0.02421875 0.0640625
0 0.59609375 0.24609375 0.0453125 0.06015625
0 0.54140625 0.278125 0.08828125 0.121875
0 0.4203125 0.53515625 0.04296875 0.05625
0 0.384375 0.496875 0.034375 0.028125
0 0.5546875 0.37265625 0.4375 0.31015625