0 0.4375 0.68046875 0.15 0.2640625
0 0.55234375 0.4890625 0.1109375 0.215625
0 0.603125 0.52421875 0.0734375 0.11640625
0 0.65 0.49140625 0.08125 0.17421875
0 0.30234375 0.31484375 0.05625 0.16328125
0 0.23203125 0.33515625 0.040625 0.07890625
0 0.16796875 0.37578125 0.040625 0.07265625
0 0.090625 0.4140625 0.034375 0.075
0 0.7390625 0.2359375 0.05625 0.0640625
0 0.75078125 0.28203125 0.053125 0.06640625
0 0.47265625 0.4328125 0.0328125 0.04375
0 0.11328125 0.3234375 0.0453125 0.06171875
0 0.209375 0.39765625 0.05 0.12578125
0 0.49921875 0.23984375 0.9984375 0.4796875