0 0.83515625 0.4015625 0.02578125 0.0875
0 0.9171875 0.80390625 0.07578125 0.29140625
0 0.5578125 0.525 0.03203125 0.14140625
0 0.36484375 0.36328125 0.01171875 0.075
0 0.6140625 0.565625 0.034375 0.17265625
0 0.82109375 0.478125 0.0296875 0.12578125
0 0.85 0.56875 0.04609375 0.16328125
0 0.8890625 0.621875 0.06171875 0.18203125
0 0.72421875 0.6046875 0.05234375 0.19453125
0 0.48671875 0.4234375 0.0359375 0.090625
0 0.7828125 0.4640625 0.034375 0.13828125
0 0.95546875 0.6375 0.0890625 0.209375
0 0.80234375 0.6 0.04609375 0.18515625
0 0.5609375 0.41875 0.634375 0.5484375