0 0.3375 0.51484375 0.140625 0.55859375
0 0.153125 0.3375 0.0765625 0.08515625
0 0.29765625 0.33828125 0.046875 0.07734375
0 0.20703125 0.26796875 0.05 0.10625
0 0.2921875 0.271875 0.0484375 0.09375
0 0.29296875 0.23828125 0.05625 0.10625
0 0.34140625 0.26171875 0.053125 0.07265625
0 0.33515625 0.21484375 0.0828125 0.16484375
0 0.51875 0.26796875 0.0546875 0.11640625
0 0.71015625 0.29375 0.0546875 0.06484375
0 0.26796875 0.13359375 0.034375 0.075
0 0.18671875 0.15078125 0.05 0.10234375
0 0.2125 0.33828125 0.0453125 0.07890625
0 0.503125 0.18515625 0.990625 0.3703125