0 0.065625 0.74921875 0.13125 0.46875
0 0.18359375 0.67734375 0.0828125 0.27734375
0 0.21484375 0.646875 0.0375 0.18984375
0 0.38828125 0.63984375 0.0640625 0.21640625
0 0.79765625 0.65546875 0.071875 0.2375
0 0.33359375 0.58046875 0.0171875 0.05859375
0 0.90859375 0.60703125 0.0453125 0.12734375
0 0.975 0.625 0.0390625 0.15390625
0 0.27890625 0.609375 0.025 0.10625
0 0.67890625 0.678125 0.0578125 0.24609375
0 0.734375 0.59765625 0.03125 0.09140625
0 0.753125 0.59296875 0.01875 0.09609375
0 0.25078125 0.6125 0.021875 0.10390625
0 0.471875 0.40234375 0.940625 0.7875