0 0.59375 0.55078125 0.1953125 0.38515625
0 0.7265625 0.58359375 0.1640625 0.3875
0 0.8796875 0.4578125 0.1390625 0.24609375
0 0.28515625 0.334375 0.0265625 0.09609375
0 0.259375 0.3546875 0.034375 0.04453125
0 0.4171875 0.3625 0.0234375 0.04921875
0 0.225 0.2515625 0.028125 0.06796875
0 0.41328125 0.3171875 0.03125 0.0703125
0 0.446875 0.315625 0.0296875 0.07734375
0 0.89375 0.48203125 0.15625 0.34765625
0 0.4296875 0.36171875 0.0203125 0.046875
0 0.3234375 0.3359375 0.0234375 0.09609375
0 0.35625 0.32421875 0.01875 0.07734375
0 0.51328125 0.29609375 0.9609375 0.1921875